 # ofac:            4
 # ngood_chan:          167
 # nrm_out:          804
 # fac:    3.14159274    
 # beg_rm:   -200.000000    
  -200.000000    
  -199.502487    
  -199.004974    
  -198.507462    
  -198.009949    
  -197.512436    
  -197.014923    
  -196.517410    
  -196.019897    
  -195.522385    
  -195.024872    
  -194.527359    
  -194.029846    
  -193.532333    
  -193.034821    
  -192.537308    
  -192.039795    
  -191.542282    
  -191.044769    
  -190.547256    
  -190.049744    
  -189.552231    
  -189.054718    
  -188.557205    
  -188.059692    
  -187.562180    
  -187.064667    
  -186.567154    
  -186.069656    
  -185.572144    
  -185.074631    
  -184.577118    
  -184.079605    
  -183.582092    
  -183.084579    
  -182.587067    
  -182.089554    
  -181.592041    
  -181.094528    
  -180.597015    
  -180.099503    
  -179.601990    
  -179.104477    
  -178.606964    
  -178.109451    
  -177.611938    
  -177.114426    
  -176.616913    
  -176.119400    
  -175.621887    
  -175.124374    
  -174.626862    
  -174.129349    
  -173.631836    
  -173.134323    
  -172.636810    
  -172.139297    
  -171.641785    
  -171.144272    
  -170.646759    
  -170.149246    
  -169.651733    
  -169.154221    
  -168.656708    
  -168.159195    
  -167.661682    
  -167.164169    
  -166.666656    
  -166.169159    
  -165.671646    
  -165.174133    
  -164.676620    
  -164.179108    
  -163.681595    
  -163.184082    
  -162.686569    
  -162.189056    
  -161.691544    
  -161.194031    
  -160.696518    
  -160.199005    
  -159.701492    
  -159.203979    
  -158.706467    
  -158.208954    
  -157.711441    
  -157.213928    
  -156.716415    
  -156.218903    
  -155.721390    
  -155.223877    
  -154.726364    
  -154.228851    
  -153.731339    
  -153.233826    
  -152.736313    
  -152.238800    
  -151.741287    
  -151.243774    
  -150.746262    
  -150.248749    
  -149.751236    
  -149.253723    
  -148.756210    
  -148.258698    
  -147.761185    
  -147.263672    
  -146.766174    
  -146.268661    
  -145.771149    
  -145.273636    
  -144.776123    
  -144.278610    
  -143.781097    
  -143.283585    
  -142.786072    
  -142.288559    
  -141.791046    
  -141.293533    
  -140.796021    
  -140.298508    
  -139.800995    
  -139.303482    
  -138.805969    
  -138.308456    
  -137.810944    
  -137.313431    
  -136.815918    
  -136.318405    
  -135.820892    
  -135.323380    
  -134.825867    
  -134.328354    
  -133.830841    
  -133.333328    
  -132.835815    
  -132.338303    
  -131.840790    
  -131.343277    
  -130.845764    
  -130.348251    
  -129.850739    
  -129.353226    
  -128.855713    
  -128.358200    
  -127.860695    
  -127.363182    
  -126.865669    
  -126.368156    
  -125.870644    
  -125.373131    
  -124.875618    
  -124.378105    
  -123.880592    
  -123.383080    
  -122.885567    
  -122.388062    
  -121.890549    
  -121.393036    
  -120.895523    
  -120.398010    
  -119.900497    
  -119.402985    
  -118.905472    
  -118.407959    
  -117.910446    
  -117.412933    
  -116.915421    
  -116.417908    
  -115.920395    
  -115.422882    
  -114.925369    
  -114.427856    
  -113.930344    
  -113.432831    
  -112.935318    
  -112.437813    
  -111.940300    
  -111.442787    
  -110.945274    
  -110.447762    
  -109.950249    
  -109.452736    
  -108.955223    
  -108.457710    
  -107.960197    
  -107.462685    
  -106.965172    
  -106.467659    
  -105.970146    
  -105.472633    
  -104.975121    
  -104.477608    
  -103.980095    
  -103.482582    
  -102.985069    
  -102.487564    
  -101.990051    
  -101.492538    
  -100.995026    
  -100.497513    
  -100.000000    
  -99.5024872    
  -99.0049744    
  -98.5074615    
  -98.0099487    
  -97.5124359    
  -97.0149231    
  -96.5174103    
  -96.0198975    
  -95.5223846    
  -95.0248718    
  -94.5273590    
  -94.0298462    
  -93.5323334    
  -93.0348282    
  -92.5373154    
  -92.0398026    
  -91.5422897    
  -91.0447769    
  -90.5472641    
  -90.0497513    
  -89.5522385    
  -89.0547256    
  -88.5572128    
  -88.0597000    
  -87.5621872    
  -87.0646744    
  -86.5671616    
  -86.0696487    
  -85.5721359    
  -85.0746231    
  -84.5771103    
  -84.0795975    
  -83.5820847    
  -83.0845795    
  -82.5870667    
  -82.0895538    
  -81.5920410    
  -81.0945282    
  -80.5970154    
  -80.0995026    
  -79.6019897    
  -79.1044769    
  -78.6069641    
  -78.1094513    
  -77.6119385    
  -77.1144257    
  -76.6169128    
  -76.1194000    
  -75.6218872    
  -75.1243744    
  -74.6268616    
  -74.1293488    
  -73.6318359    
  -73.1343307    
  -72.6368179    
  -72.1393051    
  -71.6417923    
  -71.1442795    
  -70.6467667    
  -70.1492538    
  -69.6517410    
  -69.1542282    
  -68.6567154    
  -68.1592026    
  -67.6616898    
  -67.1641769    
  -66.6666641    
  -66.1691513    
  -65.6716385    
  -65.1741257    
  -64.6766129    
  -64.1791000    
  -63.6815910    
  -63.1840782    
  -62.6865654    
  -62.1890526    
  -61.6915398    
  -61.1940308    
  -60.6965179    
  -60.1990051    
  -59.7014923    
  -59.2039795    
  -58.7064667    
  -58.2089539    
  -57.7114410    
  -57.2139282    
  -56.7164154    
  -56.2189064    
  -55.7213936    
  -55.2238808    
  -54.7263680    
  -54.2288551    
  -53.7313423    
  -53.2338295    
  -52.7363167    
  -52.2388039    
  -51.7412910    
  -51.2437820    
  -50.7462692    
  -50.2487564    
  -49.7512436    
  -49.2537308    
  -48.7562180    
  -48.2587051    
  -47.7611923    
  -47.2636795    
  -46.7661667    
  -46.2686577    
  -45.7711449    
  -45.2736320    
  -44.7761192    
  -44.2786064    
  -43.7810936    
  -43.2835808    
  -42.7860680    
  -42.2885551    
  -41.7910423    
  -41.2935333    
  -40.7960205    
  -40.2985077    
  -39.8009949    
  -39.3034821    
  -38.8059692    
  -38.3084564    
  -37.8109436    
  -37.3134308    
  -36.8159180    
  -36.3184090    
  -35.8208961    
  -35.3233833    
  -34.8258705    
  -34.3283577    
  -33.8308449    
  -33.3333321    
  -32.8358192    
  -32.3383064    
  -31.8407955    
  -31.3432827    
  -30.8457699    
  -30.3482590    
  -29.8507462    
  -29.3532333    
  -28.8557205    
  -28.3582077    
  -27.8606968    
  -27.3631840    
  -26.8656712    
  -26.3681583    
  -25.8706455    
  -25.3731346    
  -24.8756218    
  -24.3781090    
  -23.8805962    
  -23.3830833    
  -22.8855724    
  -22.3880596    
  -21.8905468    
  -21.3930340    
  -20.8955212    
  -20.3980103    
  -19.9004974    
  -19.4029846    
  -18.9054718    
  -18.4079590    
  -17.9104481    
  -17.4129353    
  -16.9154224    
  -16.4179096    
  -15.9203978    
  -15.4228849    
  -14.9253731    
  -14.4278603    
  -13.9303484    
  -13.4328356    
  -12.9353228    
  -12.4378109    
  -11.9402981    
  -11.4427862    
  -10.9452734    
  -10.4477606    
  -9.95024872    
  -9.45273590    
  -8.95522404    
  -8.45771122    
  -7.96019888    
  -7.46268654    
  -6.96517420    
  -6.46766138    
  -5.97014904    
  -5.47263670    
  -4.97512436    
  -4.47761202    
  -3.98009944    
  -3.48258710    
  -2.98507452    
  -2.48756218    
  -1.99004972    
  -1.49253726    
 -0.995024860    
 -0.497512430    
   0.00000000    
  0.497512430    
  0.995024860    
   1.49253726    
   1.99004972    
   2.48756218    
   2.98507452    
   3.48258710    
   3.98009944    
   4.47761202    
   4.97512436    
   5.47263670    
   5.97014904    
   6.46766138    
   6.96517420    
   7.46268654    
   7.96019888    
   8.45771122    
   8.95522404    
   9.45273590    
   9.95024872    
   10.4477606    
   10.9452734    
   11.4427862    
   11.9402981    
   12.4378109    
   12.9353228    
   13.4328356    
   13.9303484    
   14.4278603    
   14.9253731    
   15.4228849    
   15.9203978    
   16.4179096    
   16.9154224    
   17.4129353    
   17.9104481    
   18.4079590    
   18.9054718    
   19.4029846    
   19.9004974    
   20.3980103    
   20.8955212    
   21.3930340    
   21.8905468    
   22.3880596    
   22.8855724    
   23.3830833    
   23.8805962    
   24.3781090    
   24.8756218    
   25.3731346    
   25.8706455    
   26.3681583    
   26.8656712    
   27.3631840    
   27.8606968    
   28.3582077    
   28.8557205    
   29.3532333    
   29.8507462    
   30.3482590    
   30.8457699    
   31.3432827    
   31.8407955    
   32.3383064    
   32.8358192    
   33.3333321    
   33.8308449    
   34.3283577    
   34.8258705    
   35.3233833    
   35.8208961    
   36.3184090    
   36.8159180    
   37.3134308    
   37.8109436    
   38.3084564    
   38.8059692    
   39.3034821    
   39.8009949    
   40.2985077    
   40.7960205    
   41.2935333    
   41.7910423    
   42.2885551    
   42.7860680    
   43.2835808    
   43.7810936    
   44.2786064    
   44.7761192    
   45.2736320    
   45.7711449    
   46.2686577    
   46.7661667    
   47.2636795    
   47.7611923    
   48.2587051    
   48.7562180    
   49.2537308    
   49.7512436    
   50.2487564    
   50.7462692    
   51.2437820    
   51.7412910    
   52.2388039    
   52.7363167    
   53.2338295    
   53.7313423    
   54.2288551    
   54.7263680    
   55.2238808    
   55.7213936    
   56.2189064    
   56.7164154    
   57.2139282    
   57.7114410    
   58.2089539    
   58.7064667    
   59.2039795    
   59.7014923    
   60.1990051    
   60.6965179    
   61.1940308    
   61.6915398    
   62.1890526    
   62.6865654    
   63.1840782    
   63.6815910    
   64.1791000    
   64.6766129    
   65.1741257    
   65.6716385    
   66.1691513    
   66.6666641    
   67.1641769    
   67.6616898    
   68.1592026    
   68.6567154    
   69.1542282    
   69.6517410    
   70.1492538    
   70.6467667    
   71.1442795    
   71.6417923    
   72.1393051    
   72.6368179    
   73.1343307    
   73.6318359    
   74.1293488    
   74.6268616    
   75.1243744    
   75.6218872    
   76.1194000    
   76.6169128    
   77.1144257    
   77.6119385    
   78.1094513    
   78.6069641    
   79.1044769    
   79.6019897    
   80.0995026    
   80.5970154    
   81.0945282    
   81.5920410    
   82.0895538    
   82.5870667    
   83.0845795    
   83.5820847    
   84.0795975    
   84.5771103    
   85.0746231    
   85.5721359    
   86.0696487    
   86.5671616    
   87.0646744    
   87.5621872    
   88.0597000    
   88.5572128    
   89.0547256    
   89.5522385    
   90.0497513    
   90.5472641    
   91.0447769    
   91.5422897    
   92.0398026    
   92.5373154    
   93.0348282    
   93.5323334    
   94.0298462    
   94.5273590    
   95.0248718    
   95.5223846    
   96.0198975    
   96.5174103    
   97.0149231    
   97.5124359    
   98.0099487    
   98.5074615    
   99.0049744    
   99.5024872    
   100.000000    
   100.497513    
   100.995026    
   101.492538    
   101.990051    
   102.487564    
   102.985069    
   103.482582    
   103.980095    
   104.477608    
   104.975121    
   105.472633    
   105.970146    
   106.467659    
   106.965172    
   107.462685    
   107.960197    
   108.457710    
   108.955223    
   109.452736    
   109.950249    
   110.447762    
   110.945274    
   111.442787    
   111.940300    
   112.437813    
   112.935318    
   113.432831    
   113.930344    
   114.427856    
   114.925369    
   115.422882    
   115.920395    
   116.417908    
   116.915421    
   117.412933    
   117.910446    
   118.407959    
   118.905472    
   119.402985    
   119.900497    
   120.398010    
   120.895523    
   121.393036    
   121.890549    
   122.388062    
   122.885567    
   123.383080    
   123.880592    
   124.378105    
   124.875618    
   125.373131    
   125.870644    
   126.368156    
   126.865669    
   127.363182    
   127.860695    
   128.358200    
   128.855713    
   129.353226    
   129.850739    
   130.348251    
   130.845764    
   131.343277    
   131.840790    
   132.338303    
   132.835815    
   133.333328    
   133.830841    
   134.328354    
   134.825867    
   135.323380    
   135.820892    
   136.318405    
   136.815918    
   137.313431    
   137.810944    
   138.308456    
   138.805969    
   139.303482    
   139.800995    
   140.298508    
   140.796021    
   141.293533    
   141.791046    
   142.288559    
   142.786072    
   143.283585    
   143.781097    
   144.278610    
   144.776123    
   145.273636    
   145.771149    
   146.268661    
   146.766174    
   147.263672    
   147.761185    
   148.258698    
   148.756210    
   149.253723    
   149.751236    
   150.248749    
   150.746262    
   151.243774    
   151.741287    
   152.238800    
   152.736313    
   153.233826    
   153.731339    
   154.228851    
   154.726364    
   155.223877    
   155.721390    
   156.218903    
   156.716415    
   157.213928    
   157.711441    
   158.208954    
   158.706467    
   159.203979    
   159.701492    
   160.199005    
   160.696518    
   161.194031    
   161.691544    
   162.189056    
   162.686569    
   163.184082    
   163.681595    
   164.179108    
   164.676620    
   165.174133    
   165.671646    
   166.169159    
   166.666656    
   167.164169    
   167.661682    
   168.159195    
   168.656708    
   169.154221    
   169.651733    
   170.149246    
   170.646759    
   171.144272    
   171.641785    
   172.139297    
   172.636810    
   173.134323    
   173.631836    
   174.129349    
   174.626862    
   175.124374    
   175.621887    
   176.119400    
   176.616913    
   177.114426    
   177.611938    
   178.109451    
   178.606964    
   179.104477    
   179.601990    
   180.099503    
   180.597015    
   181.094528    
   181.592041    
   182.089554    
   182.587067    
   183.084579    
   183.582092    
   184.079605    
   184.577118    
   185.074631    
   185.572144    
   186.069656    
   186.567154    
   187.064667    
   187.562180    
   188.059692    
   188.557205    
   189.054718    
   189.552231    
   190.049744    
   190.547256    
   191.044769    
   191.542282    
   192.039795    
   192.537308    
   193.034821    
   193.532333    
   194.029846    
   194.527359    
   195.024872    
   195.522385    
   196.019897    
   196.517410    
   197.014923    
   197.512436    
   198.009949    
   198.507462    
   199.004974    
   199.502487    
