 # L_sq (only good ones) 
  0.160427511    
  0.160856768    
  0.161287740    
  0.161720410    
  0.162154868    
  0.162591055    
  0.163029015    
  0.163468733    
  0.163910240    
  0.164353535    
  0.164798647    
  0.165245548    
  0.165694281    
  0.166144848    
  0.166597262    
  0.167051509    
  0.167507604    
  0.167965591    
  0.168425471    
  0.168887228    
  0.169350877    
  0.169816449    
  0.170283943    
  0.170753375    
  0.171224743    
  0.171698049    
  0.172173351    
  0.172650620    
  0.173129857    
  0.173611104    
  0.174094364    
  0.174579665    
  0.175066963    
  0.175556332    
  0.176047742    
  0.176541209    
  0.177036747    
  0.177534387    
  0.178034142    
  0.178535998    
  0.179039985    
  0.179546118    
  0.180054381    
  0.180564806    
  0.181077421    
  0.181592211    
  0.182109177    
  0.182628393    
  0.183149815    
  0.183673471    
  0.184199378    
  0.184727550    
  0.185258001    
  0.185790718    
  0.186325744    
  0.186863109    
  0.187402785    
  0.187944800    
  0.188489184    
  0.189035907    
  0.189585030    
  0.190136567    
  0.190690473    
  0.191246852    
  0.191805646    
  0.192366883    
  0.192930609    
  0.193496779    
  0.194065481    
  0.194636688    
  0.195210412    
  0.195786670    
  0.196365505    
  0.196946889    
  0.197530866    
  0.198117435    
  0.198706642    
  0.199298471    
  0.199892953    
  0.200490102    
  0.201089889    
  0.201692432    
  0.202297643    
  0.202905610    
  0.203516319    
  0.204129770    
  0.204746008    
  0.205365047    
  0.205986887    
  0.206611589    
  0.207239106    
  0.207869470    
  0.208502725    
  0.209138915    
  0.209777981    
  0.210419998    
  0.211064950    
  0.211712897    
  0.212363824    
  0.213017747    
  0.213674694    
  0.214334697    
  0.214997754    
  0.215663925    
  0.216333166    
  0.217005521    
  0.217681020    
  0.218359679    
  0.219041511    
  0.219726562    
  0.220414802    
  0.221106321    
  0.221801072    
  0.222499102    
  0.223200455    
  0.223905087    
  0.224613085    
  0.225324482    
  0.226039216    
  0.226757377    
  0.227478966    
  0.228203982    
  0.228932485    
  0.229664490    
  0.230399996    
  0.231139034    
  0.231881663    
  0.232627884    
  0.233377695    
  0.234131098    
  0.234888211    
  0.235648975    
  0.236413449    
  0.237181649    
  0.237953603    
  0.238729328    
  0.239508852    
  0.240292192    
  0.241079390    
  0.241870478    
  0.242665440    
  0.243464336    
  0.244267181    
  0.245074019    
  0.245884836    
  0.246699721    
  0.247518614    
  0.248341635    
  0.249168724    
  0.250000000    
  0.250835389    
  0.251675069    
  0.252518892    
  0.253366947    
  0.254219353    
  0.255075991    
  0.255937010    
  0.256802440    
  0.257672161    
  0.258546412    
  0.259425044    
  0.260308206    
  0.261195838    
  0.262088060    
  0.262984902    
  0.263886303    
  0.264792353    
  0.265703022    
  0.266618460    
  0.267538637    
  0.268463582    
  0.269393355    
  0.270327896    
  0.271267354    
  0.272211701    
  0.273161024    
  0.274115324    
  0.275074571    
  0.276038885    
  0.277008325    
  0.277982801    
  0.278962523    
  0.279947370    
  0.280937433    
  0.281932801    
  0.282933444    
  0.283939451    
  0.284950793    
  0.285967559    
  0.286989778    
  0.288017541    
  0.289050788    
  0.290089607    
  0.291134030    
  0.292184055    
  0.293239832    
  0.294301361    
  0.295368612    
  0.296441674    
  0.297520667    
