  1.91068547E-15  1.91068547E-15
  3.76487551E-05  3.76487551E-05
  0.000150590422  0.000150590422
  0.000338807993  0.000338807993
  0.000602267333  0.000602267333
  0.000940938888  0.000940938888
  0.00135476736  0.00135476736
  0.00184369052  0.00184369052
  0.00240763417  0.00240763417
  0.00304651423  0.00304651423
  0.00376023422  0.00376023422
  0.00454867072  0.00454867072
  0.00541173434  0.00541173434
  0.00634928187  0.00634928187
  0.00736117177  0.00736117177
  0.00844725315  0.00844725315
  0.00960735884  0.00960735884
  0.0108413175  0.0108413175
  0.0121489149  0.0121489149
  0.0135300076  0.0135300076
  0.0149843609  0.0149843609
  0.0165117551  0.0165117551
  0.018111961  0.018111961
  0.0197847411  0.0197847411
  0.0215298384  0.0215298384
  0.023346955  0.023346955
  0.0252358876  0.0252358876
  0.0271963216  0.0271963216
  0.0292279571  0.0292279571
  0.0313304886  0.0313304886
  0.0335035995  0.0335035995
  0.0357469693  0.0357469693
  0.0380601995  0.0380601995
  0.0404430479  0.0404430479
  0.042895101  0.042895101
  0.0454159938  0.0454159938
  0.0480053462  0.0480053462
  0.0506627709  0.0506627709
  0.0533878617  0.0533878617
  0.0561801568  0.0561801568
  0.0590393394  0.0590393394
  0.0619649328  0.0619649328
  0.0649565011  0.0649565011
  0.0680135638  0.0680135638
  0.0711356923  0.0711356923
  0.0743223578  0.0743223578
  0.0775731653  0.0775731653
  0.0808876082  0.0808876082
  0.084265165  0.084265165
  0.0877053365  0.0877053365
  0.0912075937  0.0912075937
  0.0947714075  0.0947714075
  0.0983961821  0.0983961821
  0.102081507  0.102081507
  0.105826743  0.105826743
  0.109631367  0.109631367
  0.113494761  0.113494761
  0.117416374  0.117416374
  0.12139558  0.12139558
  0.125431746  0.125431746
  0.12952438  0.12952438
  0.133672833  0.133672833
  0.137876421  0.137876421
  0.142134577  0.142134577
  0.146446601  0.146446601
  0.150811881  0.150811881
  0.155229658  0.155229658
  0.159699455  0.159699455
  0.164220497  0.164220497
  0.168792084  0.168792084
  0.173413575  0.173413575
  0.178084224  0.178084224
  0.182803378  0.182803378
  0.187570199  0.187570199
  0.192384154  0.192384154
  0.19724445  0.19724445
  0.20215033  0.20215033
  0.207101062  0.207101062
  0.212095901  0.212095901
  0.217134103  0.217134103
  0.222214803  0.222214803
  0.227337435  0.227337435
  0.232501149  0.232501149
  0.237705141  0.237705141
  0.242948636  0.242948636
  0.24823083  0.24823083
  0.253550947  0.253550947
  0.258908033  0.258908033
  0.264301598  0.264301598
  0.269730598  0.269730598
  0.275194317  0.275194317
  0.280691892  0.280691892
  0.286222488  0.286222488
  0.29178524  0.29178524
  0.297379345  0.297379345
  0.303003967  0.303003967
  0.308658242  0.308658242
  0.314341366  0.314341366
  0.320052505  0.320052505
  0.325790614  0.325790614
  0.331555039  0.331555039
  0.337344825  0.337344825
  0.343159109  0.343159109
  0.348997027  0.348997027
  0.354857683  0.354857683
  0.360740125  0.360740125
  0.366643578  0.366643578
  0.372567147  0.372567147
  0.378509879  0.378509879
  0.38447088  0.38447088
  0.390449345  0.390449345
  0.396444261  0.396444261
  0.402454823  0.402454823
  0.408479989  0.408479989
  0.414519072  0.414519072
  0.42057091  0.42057091
  0.426634699  0.426634699
  0.432709634  0.432709634
  0.438794613  0.438794613
  0.44488892  0.44488892
  0.450991392  0.450991392
  0.457101315  0.457101315
  0.463217735  0.463217735
  0.469339579  0.469339579
  0.475466102  0.475466102
  0.48159638  0.48159638
  0.487729371  0.487729371
  0.493864208  0.493864208
  0.49999997  0.49999997
  0.506135821  0.506135821
  0.51227057  0.51227057
  0.51840359  0.51840359
  0.524533868  0.524533868
  0.530660331  0.530660331
  0.536782265  0.536782265
  0.542898655  0.542898655
  0.549008548  0.549008548
  0.555111051  0.555111051
  0.561205328  0.561205328
  0.567290366  0.567290366
  0.573365211  0.573365211
  0.579428971  0.579428971
  0.585480928  0.585480928
  0.591519952  0.591519952
  0.597545147  0.597545147
  0.60355562  0.60355562
  0.609550595  0.609550595
  0.61552912  0.61552912
  0.621490061  0.621490061
  0.627432823  0.627432823
  0.633356392  0.633356392
  0.639259815  0.639259815
  0.645142317  0.645142317
  0.651003003  0.651003003
  0.656840801  0.656840801
  0.662655115  0.662655115
  0.668444932  0.668444932
  0.674209297  0.674209297
  0.679947436  0.679947436
  0.685658514  0.685658514
  0.691341698  0.691341698
  0.696995914  0.696995914
  0.702620685  0.702620685
  0.708214819  0.708214819
  0.713777542  0.713777542
  0.719308078  0.719308078
  0.724805653  0.724805653
  0.730269372  0.730269372
  0.735698342  0.735698342
  0.741091847  0.741091847
  0.746449053  0.746449053
  0.751769185  0.751769185
  0.757051349  0.757051349
  0.762294829  0.762294829
  0.767498791  0.767498791
  0.77266252  0.77266252
  0.777785063  0.777785063
  0.782865882  0.782865882
  0.787904143  0.787904143
  0.792898953  0.792898953
  0.797849655  0.797849655
  0.802755475  0.802755475
  0.807615817  0.807615817
  0.812429726  0.812429726
  0.817196667  0.817196667
  0.821915805  0.821915805
  0.826586366  0.826586366
  0.831207871  0.831207871
  0.835779428  0.835779428
  0.84030056  0.84030056
  0.844770312  0.844770312
  0.849188089  0.849188089
  0.853553355  0.853553355
  0.857865393  0.857865393
  0.862123549  0.862123549
  0.866327107  0.866327107
  0.87047559  0.87047559
  0.874568224  0.874568224
  0.878604412  0.878604412
  0.882583618  0.882583618
  0.886505187  0.886505187
  0.890368581  0.890368581
  0.894173145  0.894173145
  0.897918463  0.897918463
  0.901603699  0.901603699
  0.905228615  0.905228615
  0.908792377  0.908792377
  0.912294686  0.912294686
  0.915734828  0.915734828
  0.919112325  0.919112325
  0.92242676  0.92242676
  0.925677657  0.925677657
  0.9288643  0.9288643
  0.931986392  0.931986392
  0.935043454  0.935043454
  0.938035011  0.938035011
  0.940960646  0.940960646
  0.94381988  0.94381988
  0.946612179  0.946612179
  0.949337184  0.949337184
  0.951994598  0.951994598
  0.954583943  0.954583943
  0.957104921  0.957104921
  0.959556997  0.959556997
  0.961939692  0.961939692
  0.964253068  0.964253068
  0.966496408  0.966496408
  0.968669474  0.968669474
  0.970772028  0.970772028
  0.972803652  0.972803652
  0.974764049  0.974764049
  0.976653039  0.976653039
  0.978470147  0.978470147
  0.980215192  0.980215192
  0.981888115  0.981888115
  0.983488262  0.983488262
  0.98501569  0.98501569
  0.986469924  0.986469924
  0.987851083  0.987851083
  0.98915875  0.98915875
  0.990392625  0.990392625
  0.99155277  0.99155277
  0.992638826  0.992638826
  0.993650675  0.993650675
  0.994588196  0.994588196
  0.995451272  0.995451272
  0.996239722  0.996239722
  0.996953428  0.996953428
  0.99759233  0.99759233
  0.998156309  0.998156309
  0.998645186  0.998645186
  0.999059081  0.999059081
  0.999397755  0.999397755
  0.999661207  0.999661207
  0.999849439  0.999849439
  0.99996233  0.99996233
  1.  1.
  0.99996233  0.99996233
  0.999849439  0.999849439
  0.999661207  0.999661207
  0.999397755  0.999397755
  0.999059081  0.999059081
  0.998645186  0.998645186
  0.998156309  0.998156309
  0.99759233  0.99759233
  0.996953428  0.996953428
  0.996239722  0.996239722
  0.995451272  0.995451272
  0.994588196  0.994588196
  0.993650675  0.993650675
  0.992638826  0.992638826
  0.99155277  0.99155277
  0.990392625  0.990392625
  0.98915875  0.98915875
  0.987851083  0.987851083
  0.986469924  0.986469924
  0.98501569  0.98501569
  0.983488262  0.983488262
  0.981888115  0.981888115
  0.980215192  0.980215192
  0.978470147  0.978470147
  0.976653039  0.976653039
  0.974764049  0.974764049
  0.972803652  0.972803652
  0.970772028  0.970772028
  0.968669474  0.968669474
  0.966496408  0.966496408
  0.964253068  0.964253068
  0.961939692  0.961939692
  0.959556997  0.959556997
  0.957104921  0.957104921
  0.954583943  0.954583943
  0.951994598  0.951994598
  0.949337184  0.949337184
  0.946612179  0.946612179
  0.94381988  0.94381988
  0.940960646  0.940960646
  0.938035011  0.938035011
  0.935043454  0.935043454
  0.931986392  0.931986392
  0.9288643  0.9288643
  0.925677657  0.925677657
  0.92242676  0.92242676
  0.919112325  0.919112325
  0.915734828  0.915734828
  0.912294686  0.912294686
  0.908792377  0.908792377
  0.905228615  0.905228615
  0.901603699  0.901603699
  0.897918463  0.897918463
  0.894173145  0.894173145
  0.890368581  0.890368581
  0.886505187  0.886505187
  0.882583618  0.882583618
  0.878604412  0.878604412
  0.874568224  0.874568224
  0.87047559  0.87047559
  0.866327107  0.866327107
  0.862123549  0.862123549
  0.857865393  0.857865393
  0.853553355  0.853553355
  0.849188089  0.849188089
  0.844770312  0.844770312
  0.84030056  0.84030056
  0.835779428  0.835779428
  0.831207871  0.831207871
  0.826586366  0.826586366
  0.821915805  0.821915805
  0.817196667  0.817196667
  0.812429726  0.812429726
  0.807615817  0.807615817
  0.802755475  0.802755475
  0.797849655  0.797849655
  0.792898953  0.792898953
  0.787904143  0.787904143
  0.782865882  0.782865882
  0.777785063  0.777785063
  0.77266252  0.77266252
  0.767498791  0.767498791
  0.762294829  0.762294829
  0.757051349  0.757051349
  0.751769185  0.751769185
  0.746449053  0.746449053
  0.741091847  0.741091847
  0.735698342  0.735698342
  0.730269372  0.730269372
  0.724805653  0.724805653
  0.719308078  0.719308078
  0.713777542  0.713777542
  0.708214819  0.708214819
  0.702620685  0.702620685
  0.696995914  0.696995914
  0.691341698  0.691341698
  0.685658514  0.685658514
  0.679947436  0.679947436
  0.674209297  0.674209297
  0.668444932  0.668444932
  0.662655115  0.662655115
  0.656840801  0.656840801
  0.651003003  0.651003003
  0.645142317  0.645142317
  0.639259815  0.639259815
  0.633356392  0.633356392
  0.627432823  0.627432823
  0.621490061  0.621490061
  0.61552912  0.61552912
  0.609550595  0.609550595
  0.60355562  0.60355562
  0.597545147  0.597545147
  0.591519952  0.591519952
  0.585480928  0.585480928
  0.579428971  0.579428971
  0.573365211  0.573365211
  0.567290366  0.567290366
  0.561205328  0.561205328
  0.555111051  0.555111051
  0.549008548  0.549008548
  0.542898655  0.542898655
  0.536782265  0.536782265
  0.530660331  0.530660331
  0.524533868  0.524533868
  0.51840359  0.51840359
  0.51227057  0.51227057
  0.506135821  0.506135821
  0.49999997  0.49999997
  0.493864208  0.493864208
  0.487729371  0.487729371
  0.48159638  0.48159638
  0.475466102  0.475466102
  0.469339579  0.469339579
  0.463217735  0.463217735
  0.457101315  0.457101315
  0.450991392  0.450991392
  0.44488892  0.44488892
  0.438794613  0.438794613
  0.432709634  0.432709634
  0.426634699  0.426634699
  0.42057091  0.42057091
  0.414519072  0.414519072
  0.408479989  0.408479989
  0.402454823  0.402454823
  0.396444261  0.396444261
  0.390449345  0.390449345
  0.38447088  0.38447088
  0.378509879  0.378509879
  0.372567147  0.372567147
  0.366643578  0.366643578
  0.360740125  0.360740125
  0.354857683  0.354857683
  0.348997027  0.348997027
  0.343159109  0.343159109
  0.337344825  0.337344825
  0.331555039  0.331555039
  0.325790614  0.325790614
  0.320052505  0.320052505
  0.314341366  0.314341366
  0.308658242  0.308658242
  0.303003967  0.303003967
  0.297379345  0.297379345
  0.29178524  0.29178524
  0.286222488  0.286222488
  0.280691892  0.280691892
  0.275194317  0.275194317
  0.269730598  0.269730598
  0.264301598  0.264301598
  0.258908033  0.258908033
  0.253550947  0.253550947
  0.24823083  0.24823083
  0.242948636  0.242948636
  0.237705141  0.237705141
  0.232501149  0.232501149
  0.227337435  0.227337435
  0.222214803  0.222214803
  0.217134103  0.217134103
  0.212095901  0.212095901
  0.207101062  0.207101062
  0.20215033  0.20215033
  0.19724445  0.19724445
  0.192384154  0.192384154
  0.187570199  0.187570199
  0.182803378  0.182803378
  0.178084224  0.178084224
  0.173413575  0.173413575
  0.168792084  0.168792084
  0.164220497  0.164220497
  0.159699455  0.159699455
  0.155229658  0.155229658
  0.150811881  0.150811881
  0.146446601  0.146446601
  0.142134577  0.142134577
  0.137876421  0.137876421
  0.133672833  0.133672833
  0.12952438  0.12952438
  0.125431746  0.125431746
  0.12139558  0.12139558
  0.117416374  0.117416374
  0.113494761  0.113494761
  0.109631367  0.109631367
  0.105826743  0.105826743
  0.102081507  0.102081507
  0.0983961821  0.0983961821
  0.0947714075  0.0947714075
  0.0912075937  0.0912075937
  0.0877053365  0.0877053365
  0.084265165  0.084265165
  0.0808876082  0.0808876082
  0.0775731653  0.0775731653
  0.0743223578  0.0743223578
  0.0711356923  0.0711356923
  0.0680135638  0.0680135638
  0.0649565011  0.0649565011
  0.0619649328  0.0619649328
  0.0590393394  0.0590393394
  0.0561801568  0.0561801568
  0.0533878617  0.0533878617
  0.0506627709  0.0506627709
  0.0480053462  0.0480053462
  0.0454159938  0.0454159938
  0.042895101  0.042895101
  0.0404430479  0.0404430479
  0.0380601995  0.0380601995
  0.0357469693  0.0357469693
  0.0335035995  0.0335035995
  0.0313304886  0.0313304886
  0.0292279571  0.0292279571
  0.0271963216  0.0271963216
  0.0252358876  0.0252358876
  0.023346955  0.023346955
  0.0215298384  0.0215298384
  0.0197847411  0.0197847411
  0.018111961  0.018111961
  0.0165117551  0.0165117551
  0.0149843609  0.0149843609
  0.0135300076  0.0135300076
  0.0121489149  0.0121489149
  0.0108413175  0.0108413175
  0.00960735884  0.00960735884
  0.00844725315  0.00844725315
  0.00736117177  0.00736117177
  0.00634928187  0.00634928187
  0.00541173434  0.00541173434
  0.00454867072  0.00454867072
  0.00376023422  0.00376023422
  0.00304651423  0.00304651423
  0.00240763417  0.00240763417
  0.00184369052  0.00184369052
  0.00135476736  0.00135476736
  0.000940938888  0.000940938888
  0.000602267333  0.000602267333
  0.000338807993  0.000338807993
  0.000150590422  0.000150590422
  3.76487551E-05  3.76487551E-05
