-0.523382
-0.101488
-1.186926
0.245014
-1.680734
0.391200
-1.162596
0.045007
-1.797725
-0.421606
-0.237877
-0.653827
0.643932
-1.076166
-0.646936
-0.776374
0.497177
0.471157
-0.526174
-0.082507
-0.888437
-1.226716
-0.070389
-1.159367
-1.787711
-1.134675
1.116190
0.610330
0.085863
-0.273863
0.413002
-0.174604
-0.474258
-0.493784
-0.674717
0.418608
0.760589
0.036035
0.490729
-2.757922
1.520229
-0.895120
-0.174210
-0.643909
-0.980981
0.490085
-0.133792
-0.957017
1.013669
1.721420
-0.877113
0.442186
-0.029844
-2.241573
-0.268993
1.016122
0.026964
0.945771
1.667044
-0.074560
-0.453918
0.573432
0.909621
0.941417
-0.231310
2.091292
210.000000
205.000000
212.000000
0.611230
-2.209121
-0.360774
0.848510
0.894976
0.585881
-0.837774
-0.607770
1.088722
-0.021377
0.670625
-0.218742
-0.076919
0.232442
0.845657
-0.544899
-0.635517
-0.027081
-0.887071
1.672671
-0.628530
-0.894148
-1.597191
-0.223012
-0.542207
0.073707
-1.448312
0.812682
0.116046
1.184463
0.060296
1.688566
-0.754411
-1.656526
0.958648
0.889851
0.102063
0.004991
-1.015382
0.737204
-0.755967
-0.118167
0.319852
0.634202
0.357636
0.333181
-1.017568
-1.175674
-1.012114
-0.187670
-0.979052
-0.986794
-0.257399
1.552788
-0.657562
-1.249942
-2.156501
-1.704639
0.223716
1.164156
0.858859
0.436733
-0.625363
-2.376830
0.562311
0.358748
-1.018879
1.240584
0.736930
-0.780419
1.790294
-0.341300
-0.094987
-0.609941
-1.487960
0.029422
-1.700759
-1.280356
0.495196
-0.715142
0.214214
-0.093775
1.779993
1.957586
-0.263470
-1.244142
1.520927
1.419499
0.502360
-0.977853
-0.671671
-1.349420
-0.116190
1.664696
0.286522
0.153609
-0.781349
1.470700
0.028864
0.352102
-0.863140
0.722987
1.326278
-1.646361
2.188063
0.657433
-0.498904
-0.217896
0.133003
-0.899952
1.104776
0.060408
1.184888
-0.686601
0.831869
-0.794197
-0.384198
0.726745
0.635426
0.955530
-0.257557
-0.161961
-0.289675
0.835859
-1.603223
-1.271838
-1.813031
-1.724310
-0.752806
1.731751
1.345270
-0.323511
-1.441991
0.037534
-0.623641
-0.669353
-0.279209
-0.666664
-0.736723
0.687046
-0.054857
0.600873
0.734628
1.157446
0.259828
-0.151385
0.520668
1.168362
0.741766
-0.190083
-2.461737
0.801368
-1.410748
0.094425
0.403059
-0.610178
-2.170112
0.668270
-1.870387
-0.718169
-1.329873
-0.772792
1.184343
0.078170
-0.179239
1.479251
0.487443
-0.242237
1.577353
0.169384
0.597737
-1.556713
0.512655
0.475955
0.536143
0.795337
0.226980
0.430518
1.763178
-1.993856
0.626030
0.142506
0.161958
-0.799072
-0.172380
-0.976641
0.209319
-1.011993
-1.176950
0.299282
-0.947803
0.690202
0.394685
1.908927
-0.864983
1.466253
1.214190
0.652430
0.557761
1.594100
0.322182
0.540915
1.235207
-1.402240
0.975526
0.833021
-0.540280
0.571327
0.086037
-0.096389
0.718913
0.519465
-1.810944
0.178752
2.173304
0.590576
-0.151590
-1.514340
1.028650
-0.069542
-0.386761
-0.053337
0.172984
0.848791
0.546149
1.857159
-1.133827
-0.183613
-1.036017
-1.592438
0.916060
1.615079
-1.818369
1.349902
-0.537936
0.516016
-0.742475
-0.059148
-1.278660
-1.914586
0.585570
-1.690385
1.029233
-1.011839
-0.080206
-0.715182
0.396938
-0.773541
-0.653083
-0.536708
1.993569
-1.137842
-1.689960
1.029207
-0.224011
-1.063168
-1.556407
1.117373
0.564173
-0.254350
-0.428187
-0.306869
-0.867883
0.479573
-0.699912
0.842102
-0.576568
0.350353
-0.990415
0.862757
-0.788824
-0.483067
-0.703276
-0.748765
1.081799
1.942358
-0.543579
0.227879
0.619494
-0.155447
-0.464446
-0.468356
-1.418661
-0.474432
0.403019
1.129879
-1.881554
-1.777414
-0.008635
0.395848
1.759846
0.945008
1.370203
0.035584
-0.834815
-0.897285
-0.350383
0.561229
0.987404
1.114812
0.454371
0.984087
0.438797
-0.185942
-0.663288
0.033610
2.010396
0.249410
2.093543
-0.471728
0.105755
1.324863
1.659441
-0.887655
-1.398614
-0.017758
1.139941
-1.510724
0.418646
-0.422476
-0.218540
-1.292368
1.633688
-0.554137
-0.204510
1.206097
-0.971728
0.272493
-1.299287
-0.401081
0.246842
0.470499
-0.327875
-1.036010
-1.266187
1.217094
0.054320
-0.358073
-1.434910
1.642627
-0.531425
-0.409291
-0.927302
1.508662
0.276352
0.598142
0.342087
-1.669075
0.595659
2.560110
-0.856528
0.437427
0.163516
-0.289829
-1.075368
-0.348728
-0.980046
-1.193607
0.230936
-0.121734
0.612344
0.677478
0.474153
-0.859347
-0.143957
-0.022606
-0.040149
0.722526
-0.292563
-0.960351
-0.023852
-0.303389
0.713665
-1.919349
0.072081
0.265199
1.102566
-0.149915
-1.455543
-0.940144
0.480658
-0.385439
-1.056964
0.663785
-0.627185
-0.665861
-0.382285
-0.495577
-0.201466
-0.515929
0.125674
0.314954
0.478386
1.211665
0.708865
0.271518
-1.037601
1.124516
-0.170050
0.224691
-0.047577
-0.656790
1.106541
0.282182
-0.780723
-0.352675
-0.773264
0.993552
-0.853631
-0.511479
0.387467
-1.403947
0.555879
1.660867
-0.979560
-0.338254
1.681672
-1.306696
-0.221716
-1.132362
0.002472
-2.594357
0.731209
0.028071
0.087503
-0.980268
-0.389112
-0.150773
-0.668426
0.698661
0.050490
-0.364536
1.935977
-0.768624
0.275461
0.210275
-0.155291
-1.267089
0.669710
-0.872582
-1.202941
1.444004
-0.401375
-2.553041
0.639446
-0.685959
1.132566
-1.165843
1.631736
1.132627
-0.283211
0.302788
-0.579549
-0.863750
0.838545
-0.785525
1.129119
0.340122
-1.833545
0.003930
-0.785816
-0.335980
0.688649
-1.289536
-1.202148
-0.115807
-0.752170
0.929890
0.652494
0.787732
-1.550997
0.169442
-1.725307
-0.698508
0.527095
-1.294622
0.531502
0.799077
-1.567389
1.384012
0.223158
-0.683749
2.113207
-0.861788
-0.694655
-0.588903
-0.020574
-1.774467
-1.377571
-0.428689
-0.568931
0.083305
-2.166327
0.348847
0.366047
-0.161433
-0.375635
0.829896
0.098239
-0.575196
-0.396424
-0.211458
0.644971
-1.070278
-1.271965
0.586274
-1.398294
0.495763
0.538837
0.629628
-1.129079
2.421196
0.791347
0.202751
0.498637
-0.302469
-0.054683
0.062981
0.409068
0.892215
-1.470732
-1.317317
-0.107126
-0.882797
-1.467905
0.491475
-0.133369
0.194679
-1.789248
0.126823
0.538428
-1.126288
-0.998062
-0.190497
0.025519
0.804418
-0.017287
-1.062351
-0.697376
1.344270
-0.593286
-0.464456
1.145339
0.371712
0.992831
-2.088195
1.235496
1.038547
1.173784
-1.172039
1.229182
-2.150398
-1.498574
0.402347
-1.284631
0.223852
-1.142170
-2.411050
1.767004
1.575294
-0.199435
-0.271041
-0.341241
0.544156
0.880023
0.029702
0.529787
0.435074
0.844322
0.957041
-0.956368
0.020918
1.612626
0.019331
0.259882
-1.290184
-0.715789
-2.673950
0.581832
-0.491785
-1.136457
0.065952
-0.120782
-1.027690
-0.088737
0.542346
-0.413548
-0.915859
-0.566810
0.719190
-0.368067
-0.697070
-1.142910
-1.420186
0.001274
0.029146
-0.324855
-0.698473
0.832022
1.923015
0.700795
-2.360941
-0.102717
-1.466301
-3.816453
0.912216
-1.716042
0.703285
3.074612
0.506096
-0.346175
-0.484637
0.722276
1.353337
-1.278168
1.187737
-1.583704
0.173412
0.226864
1.109581
0.263467
0.041668
-0.047907
-0.484821
0.306990
1.160111
-1.662577
-0.528062
0.242617
-1.897137
1.425871
-0.210094
-1.071184
0.011428
-0.827684
-1.060920
-1.037924
0.435769
-0.220980
-0.501225
-0.056338
0.971988
-0.773258
-1.342049
-1.664916
-0.044666
0.996374
0.984265
2.135188
-0.726731
-1.275091
-0.593416
-0.510045
0.186895
-0.253886
1.560710
0.424304
2.177255
0.048513
1.778685
0.405253
-0.594879
-0.164137
-0.008135
-0.001440
-0.908087
-0.164211
2.185031
-0.521597
-0.847372
1.491729
-0.799683
0.375725
-0.297651
0.608965
0.659673
0.804909
-0.982596
0.608163
0.405367
0.034022
-0.370393
0.560110
-0.064259
-0.565797
0.185343
1.252614
-1.703640
1.232868
-1.177340
-0.623084
-0.447002
0.440481
-0.125583
-1.635511
0.569239
0.580406
0.785100
-0.454867
0.625069
1.543032
-0.394079
1.354765
-0.583657
1.240223
0.559425
0.985719
-1.461447
-0.569936
2.140597
-0.446124
-0.492215
-0.149618
0.966486
0.783620
1.132399
-0.968936
0.026496
-0.632994
-0.633400
-0.474236
1.016894
-1.797368
0.006032
-0.269723
0.673867
-0.138382
-0.571262
-0.379553
-1.419653
-1.934030
1.103604
-1.171316
-2.132001
0.170164
0.295465
-1.365082
1.352278
0.440312
-0.191823
0.325708
0.273227
-0.085034
0.159663
-1.674810
0.072828
0.754207
-0.413488
-0.220640
-0.086102
-1.612134
1.304493
-0.678586
0.546160
-1.059242
-0.960091
0.090899
1.193430
-0.936615
0.583675
-0.731784
-0.846252
1.152718
0.255746
-0.563260
-0.626970
-0.953119
0.070365
0.509150
-1.337430
1.951093
0.354467
1.341691
-0.658547
0.061067
1.195147
0.374271
-0.013404
-0.349092
-0.894039
-0.292389
-0.974136
-0.118710
0.777607
0.600153
1.498916
2.077583
0.230169
-0.050228
1.221306
0.550432
-1.674540
-0.120122
1.343025
0.410813
-0.165416
-1.410033
0.105313
-0.370245
0.659553
-0.831087
0.253712
0.421589
2.389120
-0.805976
-0.168863
-1.489242
0.115338
-2.129601
-0.603435
-1.064994
0.096485
-0.038620
0.400599
-0.221193
0.871041
0.114280
-0.018967
-0.525561
-0.339715
0.977357
1.360511
1.047831
1.539647
-0.749263
0.834792
-1.312041
-0.075905
0.779863
-0.793628
-0.152332
0.082031
-2.701164
0.378129
-0.041046
1.277681
1.429498
-0.673305
-1.656972
-1.178162
0.239142
-0.938258
-0.818457
-1.272429
-1.482614
-0.213318
0.018608
0.023138
0.468306
-2.020555
0.095546
0.319072
-0.452026
0.101715
0.592311
-1.608128
-0.003255
0.084771
1.107358
0.001126
-0.000015
0.119647
-0.892438
-1.975170
-0.090370
1.358665
-0.435721
-0.735255
0.175882
1.388947
0.957962
-0.858845
0.468196
-0.225533
0.483691
0.776046
1.442776
-0.577476
1.189854
0.883184
0.004999
-0.158960
-0.262146
0.221772
0.117870
0.916641
-0.637826
1.259316
0.570489
-1.170787
0.525196
-0.399050
-0.920984
-1.038912
0.586081
0.477040
-0.601928
-0.493362
0.477301
0.061537
0.668232
-0.139662
0.419435
-0.872328
0.655362
1.204311
-1.189206
0.193474
0.318961
0.409576
-1.195266
0.156850
-1.340138
0.431484
-0.737022
-0.936037
0.415598
-0.156717
1.839117
0.480366
-0.892574
-0.682958
0.096297
-0.454206
1.000584
-0.448271
-0.409231
0.192521
-0.885418
1.192293
-0.345242
-1.056508
0.640753
0.327337
-0.164158
-0.507342
-1.849515
0.458668
-0.412421
0.042781
-1.024032
-0.308826
0.576757
1.734895
-0.800308
0.524295
0.297870
1.413918
0.839195
-0.703783
2.007996
2.111039
-1.106334
-1.289238
2.949024
